"14039"
1503505
"Guadalajara"
0
0
0
0
0
0
0
0
0
0
0
0
0
0
1
1
0
2
2
6
3
3
7
3
0
0
1
0
1
6
3
0
1
3
2
1
3
4
0
0
2
1
5
0
3
0
1
4
2
1
3
3
1
3
0
8
2
5
7
3
3
4
2
6
5
5
11
4
13
4
3
15
7
9
9
11
7
10
17
12
7
13
23
22
25
23
26
16
19
34
34
54
44
60
41
30
82
52
69
59
70
42
30
98
79
86
77
65
39
46
102
78
97
108
65
49
42
99
92
80
77
84
60
39
66
101
84
70
74
50
48
85
88
62
80
96
56
50
118
112
97
91
109
60
41
105
105
94
68
80
44
54
107
79
65
71
54
36
24
70
75
74
59
77
31
33
85
72
56
67
72
33
34
89
82
71
66
67
41
43
85
87
69
92
80
30
35
120
95
82
93
90
41
38
119
93
77
79
82
38
43
102
42
41
106
82
43
33
99
103
90
113
86
26
41
114
102
95
99
95
45
20
92
102
80
73
82
25
40
121
111
116
114
109
64
50
135
133
123
96
84
53
42
131
108
95
101
90
60
38
110
93
91
86
91
41
42
124
107
113
100
132
50
41
61
150
144
132
102
60
44
162
154
165
151
135
89
46
148
177
155
148
133
64
47
149
138
126
142
141
89
48
162
146
171
156
128
58
71
198
148
149
129
71
111
94
235
193
191
158
70
113
135
268
297
355
307
416
147
142
424
316
360
310
317
135
102
332
320
286
271
244
123
90
263
227
234
221
171
70
61
95
146
159
117
90
57
40
138
120
96
104
117
34
30
117
89
75
89
76
24
24
88
81
96
64
49
25
28
100
60
56
54
32
26
31
65
54
46
43
32
25
12
13
70
30
34
51
17
16
50
33
30
34
19
16
11
31
30
34
15
16
19
17
47
50
28
35
40
21
17
41
26
35
18
18
15
12
37
24
10
23
17
11
8
37
25
23
16
18
6
3
27
19
20
12
10
9
6
14
31
20
13
23
7
5
21
14
12
8
13
4
7
19
17
6
12
10
1
8
15
6
15
20
8
3
5
12
16
5
12
8
6
7
10
12
7
12
14
4
11
20
13
21
16
20
3
8
42
34
34
27
28
9
11
71
70
69
65
94
36
36
164
116
137
140
146
63
49
241
229
241
200
190
99
73
345
333
294
325
292
104
84
350
330
349
309
260
98
86
406
373
302
351
300
87
90
356
293
268
233
207
80
77
288
222
211
213
167
92
58
214
213
205
209
181
56
59
308
216
173
187
256
52
79
261
213
97
79
198
65
40
266
197
137
90
111
38
29
141
95
84
59
85
21
20
88
77
53
52
53
19
20
75
45
44
45
33
17
16
46
22
32
47
41
17
13
50
38
24
27
22
9
7
43
24
25
11
28
14
4
35
28
28
21
21
8
2
10
21
17
24
18
4
7
35
20
34
19
15
3
12
26
30
31
25
19
9
9
31
31
19
37
26
10
14
43
15
29
36
34
9
9
39
40
42
41
32
11
25
72
81
96
134
112
38
78
316
434
539
662
688
219
232
1261
1213
1443
1568
1572
489
434
1671
1552
1375
1213
1065
329
334
1183
814
720
708
533
238
250
705
519
471
418
398
156
152
277
315
191
152
241
72
147
341
96
116
158
92
37
80
157
87
116
59
54
28
22
60
21
35
69
35
7
8
22
16
33
28
13
8
6
27
20
16
15
11
1
5
2
9
16
9
12
2
2
19
6
8
9
7
4
4
10
7
11
9
6
1
2
7
7
5
2
1
0
5
2
10
3
3
3
2
6
12
5
13
9
10
1
2
7
12
5
12
3
6
8
14
12
27
11
10
2
7
16
27
19
16
26
9
11
48
39
41
45
29
7
11
54
48
65
49
58
11
15
82
77
67
64
72
15
22
47
